# dataset_number/I:crossSection/D:kFactor/D:genFiltEff/D
# all xsections are in nb
########################################
###### signal ##########################
########################################

##################
### ggH125
##################
345097  1.0571E-05  1.0            1.0000E+00

##################
### VBFH125 
##################
345106  8.2296E-07  1.0            1.0000E+00

##################
### VH Wplus, Wminus, Z from quarks and gluons
##################
345103  1.6670E-07  1.0            1.0000E+00
345098  2.6871E-08  1.0            1.0000E+00
345104  2.0932E-07  1.0            1.0000E+00
345105  1.3341E-07  1.0            1.0000E+00

##################
### ttH 
##################
344388  1.1105E-07  1.0            1.0000E+00  

############################################
###### background ##########################
############################################

##################
### MG Zmumu
##################
343982  7.7460E-01  1.0            4.7221E-03  
343983  1.1975E-01  1.0            3.3691E-02  
343984  3.9798E-02  1.0            1.5006E-01  
343985  1.1642E-02  1.0            3.1660E-01  
343986  5.0322E-03  1.0            5.2206E-01  
363123  1.7151E+00  1.141          8.3180E-01  
363124  1.7154E+00  1.141          1.0870E-01  
363125  1.7156E+00  1.141          5.9371E-02  
363126  8.4562E-02  1.141          7.1889E-01  
363127  8.4577E-02  1.141          1.7413E-01  
363128  8.4753E-02  1.141          1.0833E-01  
363129  3.5892E-02  1.141          6.7454E-01  
363130  3.5883E-02  1.141          2.0018E-01  
363131  3.5893E-02  1.141          1.2629E-01  
363132  8.1918E-03  1.141          6.2858E-01  
363133  8.1826E-03  1.141          2.2872E-01  
363134  8.1699E-03  1.141          1.4309E-01  
363135  1.2715E-03  1.141          5.9694E-01  
363136  1.2678E-03  1.141          2.4947E-01  
363137  1.2682E-03  1.141          1.5301E-01  
363138  4.4224E-04  1.141          5.7158E-01  
363139  4.4517E-04  1.141          2.6385E-01  
363140  4.4382E-04  1.141          1.6212E-01  
363141  1.4721E-04  1.141          5.5401E-01  
363142  1.4715E-04  1.141          2.7780E-01  
363143  1.4758E-04  1.141          1.7062E-01  
363144  5.4993E-06  1.141          5.3785E-01  
363145  5.5276E-06  1.141          2.9076E-01  

##################
# Sherpa Zmumu
##################
364100  1.9823E+00  0.9751         8.2179E-01  
364101  1.9821E+00  0.9751         1.1356E-01  
364102  1.9816E+00  0.9751         6.5740E-02
364103  1.0907E-01  0.9751         6.8978E-01
364104  1.0894E-01  0.9751         1.9588E-01  
364105  1.0898E-01  0.9751         1.2052E-01 
364106  3.9884E-02  0.9751         6.0179E-01  
364107  3.9857E-02  0.9751         2.3545E-01  
364108  3.9892E-02  0.9751         1.5628E-01  
364109  8.5260E-03  0.9751         5.6012E-01  
364110  8.5261E-03  0.9751         2.6632E-01  
364111  8.5276E-03  0.9751         1.7657E-01 
364112  1.7871E-03  0.9751         1.0000E+00  
364113  1.4758E-04  0.9751         1.0000E+00  
# EWK Zmumu
308093  6.3522E-04  1.0            1.0000E+00  

##################
# Powheg Zmumu
##################
361107  1.9012E+00  1.02605444217  1.0000E+00  

##################
### top
##################
# single top t channel
410011  4.3739E-02  1.00944237408  1.0000E+00  
410012  2.5778E-02  1.01931879898  1.0000E+00  
# single top s channel
410025  2.0514E-03  1.00478210003  1.0000E+00  
410026  1.2615E-03  1.02153151011  1.0000E+00  
# single top Wt associated production
410013  3.4009E-02  1.054          1.0000E+00  
410014  3.3989E-02  1.054          1.0000E+00  
410015  3.5835E-03  1.054          1.0000E+00  
410016  3.5814E-03  1.054          1.0000E+00  
# ttbar
410472  7.2977E-01  1.13975636159  1.0546E-01  
410503  0.076932    1.139          1.000       
##################

##################
### diboson
##################
# ZZqqll
363356  1.5561E-02  1.0            1.4089E-01  
# WZqqll
363358  3.4330E-03  1.0            1.0000E+00  
# Ztautau
364211  2.4143E+00  0.9751         3.4653E-02  
364212  5.0408E-02  0.9751         8.9316E-01  
364213  5.0456E-02  0.9751         0.10985     
364214  3.2837E-03  0.9751         8.5492E-01  
364128  1981.6E-03      0.9751   8.2142E-01   
364129  1978.8E-03      0.9751   1.1314E-01   
364130  1981.8E-03      0.9751   6.4453E-02   
364131  110.37E-03      0.9751   6.8883E-01   
364132  110.51E-03      0.9751   1.8290E-01   
364133  110.87E-03      0.9751   0.1283       
364134  40.781E-03      0.9751   6.0821E-01   
364135  40.74E-03       0.9751   2.2897E-01   
364136  40.761E-03      0.9751   1.3442E-01   
364137  8.5502E-03      0.9751   5.6036E-01   
364138  8.6707E-03      0.9751   2.6245E-01   
364139  8.6804E-03      0.9751   1.7313E-01   
364140  1.8096E-03      0.9751   1.0000E+00   
364141  0.14834E-03     0.9751   1.0000E+00   
# llll, lllv, llvv
364250  1.2519E-03  1.0            1.0000E+00  
364253  4.5771E-03  1.0            1.0000E+00  
364254  1.2500E-02  1.0            1.0         
